ackd_pckts	ackd_wins	win	estimated_win	retrans_count	acks_per_pckt	set_timer.it_value.tv_sec	set_timer.it_value.tv_usec
0	0	0	0	0	0	0	3000000
0	0	0	0	0	0	0	3000000
0	0	0	0	0	0	0	3000000
0	0	4	0	0	0	3	0
0	0	0	0	0	0	0	3000000
0	0	4	0	8	0	0	500
4	1	2	4	2	4	0	500
6	2	6	6	6	6	0	500
12	3	12	12	12	12	0	500
24	4	24	24	0	24	0	500
32	4	24	32	16	32	0	500
48	5	32	32	0	16	0	500
64	5	32	32	16	32	0	500
80	6	32	32	0	16	0	500
96	6	32	32	16	32	0	500
112	7	32	32	0	16	0	500
128	7	32	32	16	32	0	500
144	8	32	32	0	16	0	500
160	8	32	32	16	32	0	500
176	9	32	32	0	16	0	500
192	9	32	32	16	32	0	500
208	10	32	32	0	16	0	500
224	10	32	32	16	32	0	500
240	11	32	32	0	16	0	500
256	11	32	32	16	32	0	500
272	12	32	32	0	16	0	500
288	12	32	32	16	32	0	500
304	13	32	32	0	16	0	500
320	13	32	32	16	32	0	500
336	14	32	32	0	16	0	500
352	14	32	32	16	32	0	500
368	15	32	32	32	16	0	500
384	15	32	32	32	32	0	500
384	15	32	32	32	1	0	500
384	15	32	32	32	1	0	500
384	15	32	32	32	1	0	500
384	15	32	32	32	1	0	500
384	15	32	32	32	1	0	500
384	15	32	32	32	1	0	500
384	15	32	32	32	1	0	500
384	15	32	32	32	1	0	500
384	15	32	32	32	1	0	500
384	15	32	32	32	1	0	500
384	15	32	32	32	1	0	500
384	15	32	32	32	1	0	500
384	15	32	32	32	1	0	500
384	15	32	32	32	1	0	500
384	15	32	32	32	1	0	500
384	15	32	32	32	1	0	500
400	16	16	32	16	16	0	500
416	17	32	32	0	32	0	500
416	17	32	32	0	1	0	500
416	17	32	32	0	1	0	500
416	17	32	32	0	1	0	500
416	17	32	32	0	1	0	500
416	17	32	32	0	1	0	500
416	17	32	32	0	1	0	500
416	17	32	32	0	1	0	500
416	17	32	32	0	1	0	500
416	17	32	32	0	1	0	500
416	17	32	32	0	1	0	500
416	17	32	32	0	1	0	500
416	17	32	32	0	1	0	500
416	17	32	32	0	1	0	500
416	17	32	32	0	1	0	500
416	17	32	32	0	1	0	500
416	17	32	32	0	1	0	500
448	18	32	32	32	32	0	500
480	19	16	32	0	32	0	500
480	19	16	32	0	1	0	500
480	19	16	32	0	1	0	500
480	19	16	32	0	1	0	500
480	19	16	32	0	1	0	500
480	19	16	32	0	1	0	500
480	19	16	32	0	1	0	500
480	19	16	32	0	1	0	500
480	19	16	32	0	1	0	500
480	19	16	32	0	1	0	500
480	19	16	32	0	1	0	500
480	19	16	32	0	1	0	500
480	19	16	32	0	1	0	500
480	19	16	32	0	1	0	500
480	19	16	32	0	1	0	500
480	19	16	32	0	1	0	500
480	19	16	32	0	1	0	500
480	19	16	32	0	1	0	500
480	19	16	32	0	1	0	500
480	19	16	32	0	1	0	500
480	19	16	32	0	1	0	500
480	19	16	32	0	1	0	500
480	19	16	32	0	1	0	500
480	19	16	32	0	1	0	500
480	19	16	32	0	1	0	500
480	19	16	32	0	1	0	500
480	19	16	32	0	1	0	500
480	19	16	32	0	1	0	500
480	19	16	32	0	1	0	500
480	19	16	32	0	1	0	500
480	19	16	32	0	1	0	500
480	19	16	32	0	1	0	500
480	19	16	32	16	1	0	500
496	20	32	32	0	16	0	500
512	20	32	32	16	32	0	500
528	21	32	32	0	16	0	500
544	21	32	32	16	32	0	500
560	22	32	32	0	16	0	500
576	22	32	32	16	32	0	500
592	23	32	32	0	16	0	500
608	23	32	32	16	32	0	500
624	24	32	32	0	16	0	500
640	24	32	32	16	32	0	500
656	25	32	32	0	16	0	500
672	25	32	32	16	32	0	500
688	26	32	32	0	16	0	500
704	26	32	32	16	32	0	500
720	27	32	32	0	16	0	500
736	27	32	32	16	32	0	500
752	28	32	32	0	16	0	500
768	28	32	32	16	32	0	500
784	29	32	32	0	16	0	500
800	29	32	32	16	32	0	500
816	30	32	32	0	16	0	500
832	30	32	32	16	32	0	500
848	31	32	32	0	16	0	500
864	31	32	32	16	32	0	500
880	32	32	32	0	16	0	500
896	32	32	32	16	32	0	500
912	33	32	32	0	16	0	500
928	33	32	32	16	32	0	500
944	34	32	32	0	16	0	500
960	34	32	32	16	32	0	500
976	35	32	32	0	16	0	500
992	35	32	32	16	32	0	500
1008	36	32	32	0	16	0	500
1024	36	32	32	16	32	0	500
1040	37	32	32	0	16	0	500
1056	37	32	32	16	32	0	500
1072	38	32	32	0	16	0	500
1088	38	32	32	16	32	0	500
1104	39	32	32	0	16	0	500
1120	39	32	32	16	32	0	500
1136	40	32	32	0	16	0	500
1152	40	32	32	16	32	0	500
1168	41	32	32	0	16	0	500
1184	41	32	32	16	32	0	500
1200	42	32	32	0	16	0	500
1216	42	32	32	16	32	0	500
1232	43	32	32	0	16	0	500
1248	43	32	32	16	32	0	500
1264	44	32	32	0	16	0	500
1280	44	32	32	16	32	0	500
1296	45	32	32	0	16	0	500
1312	45	32	32	16	32	0	500
1328	46	32	32	0	16	0	500
1344	46	32	32	16	32	0	500
1360	47	32	32	0	16	0	500
1376	47	32	32	16	32	0	500
1392	48	32	32	0	16	0	500
1408	48	32	32	16	32	0	500
1424	49	32	32	0	16	0	500
1440	49	32	32	16	32	0	500
1456	50	32	32	0	16	0	500
1472	50	32	32	16	32	0	500
1488	51	32	32	0	16	0	500
1504	51	32	32	16	32	0	500
1520	52	32	32	0	16	0	500
1536	52	32	32	16	32	0	500
1552	53	32	32	0	16	0	500
1568	53	32	32	16	32	0	500
1584	54	32	32	0	16	0	500
1600	54	32	32	16	32	0	500
1616	55	32	32	0	16	0	500
1632	55	32	32	16	32	0	500
1648	56	32	32	0	16	0	500
1664	56	32	32	16	32	0	500
1680	57	32	32	0	16	0	500
1696	57	32	32	16	32	0	500
1712	58	32	32	0	16	0	500
1728	58	32	32	16	32	0	500
1744	59	32	32	0	16	0	500
1760	59	32	32	16	32	0	500
1776	60	32	32	0	16	0	500
1792	60	32	32	16	32	0	500
1808	61	32	32	0	16	0	500
1824	61	32	32	16	32	0	500
1840	62	32	32	0	16	0	500
1856	62	32	32	16	32	0	500
1872	63	32	32	0	16	0	500
1888	63	32	32	16	32	0	500
1904	64	32	32	0	16	0	500
1920	64	32	32	16	32	0	500
1936	65	32	32	0	16	0	500
1952	65	32	32	16	32	0	500
1968	66	32	32	0	16	0	500
1984	66	32	32	16	32	0	500
2000	67	32	32	0	16	0	500
2016	67	32	32	16	32	0	500
2032	68	32	32	0	16	0	500
2048	68	32	32	16	32	0	500
2064	69	32	32	0	16	0	500
2080	69	32	32	16	32	0	500
2096	70	32	32	32	16	0	500
2112	70	32	32	32	32	0	500
2112	70	32	32	32	1	0	500
2112	70	32	32	32	1	0	500
2112	70	32	32	32	1	0	500
2112	70	32	32	32	1	0	500
2112	70	32	32	32	1	0	500
2112	70	32	32	32	1	0	500
2112	70	32	32	32	1	0	500
2112	70	32	32	32	1	0	500
2112	70	32	32	32	1	0	500
2112	70	32	32	32	1	0	500
2112	70	32	32	32	1	0	500
2112	70	32	32	32	1	0	500
2112	70	32	32	32	1	0	500
2112	70	32	32	32	1	0	500
2112	70	32	32	32	1	0	500
2112	70	32	32	48	1	0	500
2128	71	16	32	0	16	0	500
2128	71	16	32	16	16	0	500
2144	72	32	32	0	32	0	500
2144	72	32	32	0	1	0	500
2144	72	32	32	0	1	0	500
2144	72	32	32	0	1	0	500
2144	72	32	32	0	1	0	500
2144	72	32	32	0	1	0	500
2144	72	32	32	0	1	0	500
2144	72	32	32	0	1	0	500
2144	72	32	32	0	1	0	500
2144	72	32	32	0	1	0	500
2144	72	32	32	0	1	0	500
2144	72	32	32	0	1	0	500
2144	72	32	32	0	1	0	500
2144	72	32	32	0	1	0	500
2144	72	32	32	0	1	0	500
2144	72	32	32	0	1	0	500
2144	72	32	32	0	1	0	500
2176	73	32	32	32	32	0	500
2208	74	16	32	0	32	0	500
2208	74	16	32	0	1	0	500
2208	74	16	32	0	1	0	500
2208	74	16	32	0	1	0	500
2208	74	16	32	0	1	0	500
2208	74	16	32	0	1	0	500
2208	74	16	32	0	1	0	500
2208	74	16	32	0	1	0	500
2208	74	16	32	0	1	0	500
2208	74	16	32	0	1	0	500
2208	74	16	32	0	1	0	500
2208	74	16	32	0	1	0	500
2208	74	16	32	0	1	0	500
2208	74	16	32	0	1	0	500
2208	74	16	32	0	1	0	500
2208	74	16	32	0	1	0	500
2208	74	16	32	0	1	0	500
2208	74	16	32	0	1	0	500
2208	74	16	32	0	1	0	500
2208	74	16	32	0	1	0	500
2208	74	16	32	0	1	0	500
2208	74	16	32	0	1	0	500
2208	74	16	32	0	1	0	500
2208	74	16	32	0	1	0	500
2208	74	16	32	0	1	0	500
2208	74	16	32	0	1	0	500
2208	74	16	32	0	1	0	500
2208	74	16	32	0	1	0	500
2208	74	16	32	0	1	0	500
2208	74	16	32	0	1	0	500
2208	74	16	32	0	1	0	500
2208	74	16	32	0	1	0	500
2208	74	16	32	16	1	0	500
2224	75	32	32	0	16	0	500
2240	75	32	32	16	32	0	500
2256	76	32	32	0	16	0	500
2272	76	32	32	16	32	0	500
2288	77	32	32	0	16	0	500
2304	77	32	32	16	32	0	500
2320	78	32	32	0	16	0	500
2336	78	32	32	16	32	0	500
2352	79	32	32	0	16	0	500
2368	79	32	32	16	32	0	500
2384	80	32	32	0	16	0	500
2400	80	32	32	16	32	0	500
2416	81	32	32	0	16	0	500
2432	81	32	32	16	32	0	500
2448	82	32	32	0	16	0	500
2464	82	32	32	16	32	0	500
2480	83	32	32	0	16	0	500
2496	83	32	32	16	32	0	500
2512	84	32	32	0	16	0	500
2528	84	32	32	16	32	0	500
2544	85	32	32	0	16	0	500
2560	85	32	32	16	32	0	500
2576	86	32	32	0	16	0	500
2592	86	32	32	16	32	0	500
2608	87	32	32	0	16	0	500
2624	87	32	32	16	32	0	500
2640	88	32	32	0	16	0	500
2656	88	32	32	16	32	0	500
2672	89	32	32	0	16	0	500
2688	89	32	32	16	32	0	500
2704	90	32	32	0	16	0	500
2720	90	32	32	0	32	0	500
2736	91	32	32	0	16	0	500
2752	91	32	32	16	32	0	500
2768	92	32	32	0	16	0	500
2784	92	32	32	16	32	0	500
2800	93	32	32	0	16	0	500
2816	93	32	32	16	32	0	500
2832	94	32	32	0	16	0	500
2848	94	32	32	16	32	0	500
2864	95	32	32	0	16	0	500
2880	95	32	32	16	32	0	500
2896	96	32	32	0	16	0	500
2912	96	32	32	16	32	0	500
2928	97	32	32	0	16	0	500
2944	97	32	32	16	32	0	500
2960	98	32	32	0	16	0	500
2976	98	32	32	16	32	0	500
2992	99	32	32	0	16	0	500
3008	99	32	32	16	32	0	500
3024	100	32	32	0	16	0	500
3040	100	32	32	16	32	0	500
3056	101	32	32	0	16	0	500
3072	101	32	32	16	32	0	500
3088	102	32	32	0	16	0	500
3104	102	32	32	16	32	0	500
3120	103	32	32	0	16	0	500
3136	103	32	32	16	32	0	500
3152	104	32	32	0	16	0	500
3168	104	32	32	16	32	0	500
3184	105	32	32	0	16	0	500
3200	105	32	32	16	32	0	500
3216	106	32	32	0	16	0	500
3232	106	32	32	16	32	0	500
3248	107	32	32	0	16	0	500
3264	107	32	32	16	32	0	500
3280	108	32	32	0	16	0	500
3296	108	32	32	16	32	0	500
3312	109	32	32	0	16	0	500
3328	109	32	32	16	32	0	500
3344	110	32	32	0	16	0	500
3360	110	32	32	16	32	0	500
3376	111	32	32	0	16	0	500
3392	111	32	32	16	32	0	500
3408	112	32	32	0	16	0	500
3424	112	32	32	16	32	0	500
3440	113	32	32	0	16	0	500
3456	113	32	32	16	32	0	500
3472	114	32	32	0	16	0	500
3488	114	32	32	16	32	0	500
3504	115	32	32	0	16	0	500
3520	115	32	32	16	32	0	500
3536	116	32	32	0	16	0	500
3552	116	32	32	16	32	0	500
3568	117	32	32	0	16	0	500
3584	117	32	32	16	32	0	500
3600	118	32	32	0	16	0	500
3616	118	32	32	16	32	0	500
3632	119	32	32	0	16	0	500
3648	119	32	32	16	32	0	500
3664	120	32	32	0	16	0	500
3680	120	32	32	0	32	0	500
3683	120	32	32	0	3	0	500
