0,51,0,test.txt

SERVER RECEIVED PACKET
0,51,0,test.txt
SERVER HANDLING GET REQUEST
Requested file is test.txt
Expected packets		[	509	]
0,51,0,test.txt

SERVER RECEIVED PACKET
0,51,0,test.txt
0,51,0,test.txt

SERVER RECEIVED PACKET
0,51,0,test.txt
SERVER HANDLING GET REQUEST
Requested file is test.txt
Expected packets		[	509	]
0,51,18446744073709551615,

0,51,18446744073709551615,1;2;3;4;5;

OK	1
OK	2
OK	3
OK	4
OK	5
0,51,18446744073709551615,6;7;8;9;10;

OK	6
OK	7
OK	8
OK	9
OK	10
New window!
0,51,18446744073709551615,11;12;13;14;15;

OK	11
OK	12
OK	13
OK	14
OK	15
Got nothing
0,51,18446744073709551615,16;17;18;19;

OK	16
OK	17
OK	18
OK	19
0,51,18446744073709551615,16;17;18;19;20;

OK	20
New window!
0,51,18446744073709551615,21;22;23;24;25;

OK	21
OK	22
OK	23
OK	24
OK	25
Got nothing
0,51,18446744073709551615,26;27;29;30;

OK	26
OK	27
OK	29
OK	30
0,51,18446744073709551615,26;27;28;29;30;

OK	28
New window!
0,51,18446744073709551615,29;

0,51,18446744073709551615,30;

0,51,18446744073709551615,31;32;34;35;

OK	31
OK	32
OK	34
OK	35
0,51,18446744073709551615,31;32;33;34;35;

OK	33
0,51,18446744073709551615,34;

0,51,18446744073709551615,35;

Got nothing
0,51,18446744073709551615,37;38;40;

OK	37
OK	38
OK	40
0,51,18446744073709551615,36;37;38;39;40;

OK	36
OK	39
New window!
0,51,18446744073709551615,40;

0,51,18446744073709551615,46;47;48;49;50;

OK	46
OK	47
OK	48
OK	49
OK	50
0,51,18446744073709551615,

0,51,18446744073709551615,41;

OK	41
0,51,18446744073709551615,42;

OK	42
0,51,18446744073709551615,43;

OK	43
0,51,18446744073709551615,45;

OK	45
0,51,18446744073709551615,

0,51,18446744073709551615,44;

OK	44
New window!
0,51,18446744073709551615,44;

Got nothing
0,51,18446744073709551615,51;52;53;55;

OK	51
OK	52
OK	53
OK	55
0,51,18446744073709551615,51;52;53;54;55;

OK	54
0,51,18446744073709551615,55;

Got nothing
0,51,18446744073709551615,56;57;58;59;60;

OK	56
OK	57
OK	58
OK	59
OK	60
New window!
0,51,18446744073709551615,59;

0,51,18446744073709551615,60;

Got nothing
0,51,18446744073709551615,62;63;64;65;

OK	62
OK	63
OK	64
OK	65
0,51,18446744073709551615,61;62;63;64;65;

OK	61
0,51,18446744073709551615,62;

0,51,18446744073709551615,63;

0,51,18446744073709551615,64;

0,51,18446744073709551615,65;

Got nothing
0,51,18446744073709551615,66;67;68;69;70;

OK	66
OK	67
OK	68
OK	69
OK	70
New window!
0,51,18446744073709551615,69;

0,51,18446744073709551615,70;

0,51,18446744073709551615,71;72;73;74;75;

OK	71
OK	72
OK	73
OK	74
OK	75
Got nothing
0,51,18446744073709551615,77;78;79;80;

OK	77
OK	78
OK	79
OK	80
0,51,18446744073709551615,76;77;78;79;80;

OK	76
New window!
0,51,18446744073709551615,77;

0,51,18446744073709551615,78;

0,51,18446744073709551615,79;

0,51,18446744073709551615,80;

0,51,18446744073709551615,82;84;

OK	82
OK	84
0,51,18446744073709551615,81;82;83;84;85;

OK	81
OK	83
OK	85
Got nothing
0,51,18446744073709551615,86;

OK	86
0,51,18446744073709551615,87;

OK	87
0,51,18446744073709551615,89;

OK	89
0,51,18446744073709551615,90;

OK	90
0,51,18446744073709551615,

0,51,18446744073709551615,88;

OK	88
New window!
0,51,18446744073709551615,88;

0,51,18446744073709551615,91;92;93;94;95;

OK	91
OK	92
OK	93
OK	94
OK	95
0,51,18446744073709551615,96;97;98;99;100;

OK	96
OK	97
OK	98
OK	99
OK	100
New window!
0,51,18446744073709551615,101;102;103;105;

OK	101
OK	102
OK	103
OK	105
0,51,18446744073709551615,101;102;103;104;105;

OK	104
0,51,18446744073709551615,105;

Got nothing
0,51,18446744073709551615,106;107;108;109;

OK	106
OK	107
OK	108
OK	109
0,51,18446744073709551615,106;107;108;109;110;

OK	110
New window!
Got nothing
0,51,18446744073709551615,111;112;115;

OK	111
OK	112
OK	115
0,51,18446744073709551615,111;112;113;114;115;

OK	113
OK	114
0,51,18446744073709551615,115;

0,51,18446744073709551615,116;117;118;119;120;

OK	116
OK	117
OK	118
OK	119
OK	120
New window!
Got nothing
0,51,18446744073709551615,122;123;124;125;

OK	122
OK	123
OK	124
OK	125
0,51,18446744073709551615,121;122;123;124;125;

OK	121
0,51,18446744073709551615,123;

0,51,18446744073709551615,126;127;128;129;130;

OK	126
OK	127
OK	128
OK	129
OK	130
New window!
Got nothing
0,51,18446744073709551615,131;132;133;134;

OK	131
OK	132
OK	133
OK	134
0,51,18446744073709551615,131;132;133;134;135;

OK	135
0,51,18446744073709551615,136;137;138;139;140;

OK	136
OK	137
OK	138
OK	139
OK	140
New window!
0,51,18446744073709551615,141;142;143;144;145;

OK	141
OK	142
OK	143
OK	144
OK	145
0,51,18446744073709551615,146;147;148;149;150;

OK	146
OK	147
OK	148
OK	149
OK	150
New window!
Got nothing
0,51,18446744073709551615,151;

OK	151
0,51,18446744073709551615,152;

OK	152
0,51,18446744073709551615,153;

OK	153
0,51,18446744073709551615,154;

OK	154
0,51,18446744073709551615,155;

OK	155
0,51,18446744073709551615,156;157;158;159;160;

OK	156
OK	157
OK	158
OK	159
OK	160
New window!
0,51,18446744073709551615,157;

0,51,18446744073709551615,158;

0,51,18446744073709551615,159;

0,51,18446744073709551615,160;

Got nothing
0,51,18446744073709551615,161;162;163;165;

OK	161
OK	162
OK	163
OK	165
0,51,18446744073709551615,165;

Got nothing
0,51,18446744073709551615,166;

OK	166
0,51,18446744073709551615,167;

OK	167
0,51,18446744073709551615,168;

OK	168
0,51,18446744073709551615,169;

OK	169
0,51,18446744073709551615,170;

OK	170
Got nothing
0,51,18446744073709551615,

0,51,18446744073709551615,164;

OK	164
New window!
0,51,18446744073709551615,171;172;173;174;175;

OK	171
OK	172
OK	173
OK	174
OK	175
Got nothing
0,51,18446744073709551615,176;177;178;179;

OK	176
OK	177
OK	178
OK	179
0,51,18446744073709551615,176;177;178;179;180;

OK	180
New window!
Got nothing
0,51,18446744073709551615,181;184;

OK	181
OK	184
0,51,18446744073709551615,181;182;183;184;185;

OK	182
OK	183
OK	185
Got nothing
0,51,18446744073709551615,186;189;190;

OK	186
OK	189
OK	190
0,51,18446744073709551615,186;187;188;189;190;

OK	187
OK	188
New window!
0,51,18446744073709551615,189;

0,51,18446744073709551615,190;

Got nothing
0,51,18446744073709551615,192;193;194;195;

OK	192
OK	193
OK	194
OK	195
0,51,18446744073709551615,191;192;193;194;195;

OK	191
0,51,18446744073709551615,192;

0,51,18446744073709551615,194;

0,51,18446744073709551615,195;

0,51,18446744073709551615,196;197;198;199;200;

OK	196
OK	197
OK	198
OK	199
OK	200
New window!
Got nothing
0,51,18446744073709551615,201;

OK	201
0,51,18446744073709551615,202;

OK	202
0,51,18446744073709551615,203;

OK	203
0,51,18446744073709551615,204;

OK	204
0,51,18446744073709551615,205;

OK	205
0,51,18446744073709551615,206;

OK	206
0,51,18446744073709551615,209;

OK	209
0,51,18446744073709551615,210;

OK	210
Got nothing
0,51,18446744073709551615,

0,51,18446744073709551615,207;

OK	207
0,51,18446744073709551615,208;

OK	208
New window!
0,51,18446744073709551615,207;

0,51,18446744073709551615,211;212;213;214;215;

OK	211
OK	212
OK	213
OK	214
OK	215
0,51,18446744073709551615,216;217;218;219;220;

OK	216
OK	217
OK	218
OK	219
OK	220
New window!
Got nothing
0,51,18446744073709551615,221;222;224;225;

OK	221
OK	222
OK	224
OK	225
0,51,18446744073709551615,221;222;223;224;225;

OK	223
0,51,18446744073709551615,225;

0,51,18446744073709551615,226;227;228;229;230;

OK	226
OK	227
OK	228
OK	229
OK	230
New window!
0,51,18446744073709551615,231;232;233;234;235;

OK	231
OK	232
OK	233
OK	234
OK	235
Got nothing
0,51,18446744073709551615,236;237;239;240;

OK	236
OK	237
OK	239
OK	240
0,51,18446744073709551615,236;237;238;239;240;

OK	238
New window!
0,51,18446744073709551615,241;242;243;244;245;

OK	241
OK	242
OK	243
OK	244
OK	245
Got nothing
0,51,18446744073709551615,246;247;248;249;250;

OK	246
OK	247
OK	248
OK	249
OK	250
New window!
0,51,18446744073709551615,256;257;258;259;260;

OK	256
OK	257
OK	258
OK	259
OK	260
Got nothing
0,51,18446744073709551615,251;

OK	251
0,51,18446744073709551615,252;

OK	252
0,51,18446744073709551615,253;

OK	253
0,51,18446744073709551615,254;

OK	254
0,51,18446744073709551615,

0,51,18446744073709551615,255;

OK	255
New window!
0,51,18446744073709551615,255;

Got nothing
0,51,18446744073709551615,263;264;265;

OK	263
OK	264
OK	265
Got nothing
0,51,18446744073709551615,261;263;264;265;

OK	261
0,51,18446744073709551615,261;262;263;264;265;

OK	262
Got nothing
0,51,18446744073709551615,266;267;268;269;

OK	266
OK	267
OK	268
OK	269
0,51,18446744073709551615,266;267;268;269;270;

OK	270
New window!
0,51,18446744073709551615,271;272;273;274;275;

OK	271
OK	272
OK	273
OK	274
OK	275
Got nothing
0,51,18446744073709551615,277;278;279;

OK	277
OK	278
OK	279
0,51,18446744073709551615,276;277;278;279;280;

OK	276
OK	280
New window!
0,51,18446744073709551615,281;282;283;284;

OK	281
OK	282
OK	283
OK	284
0,51,18446744073709551615,281;282;283;284;285;

OK	285
0,51,18446744073709551615,286;287;288;289;290;

OK	286
OK	287
OK	288
OK	289
OK	290
New window!
0,51,18446744073709551615,291;292;293;294;295;

OK	291
OK	292
OK	293
OK	294
OK	295
Got nothing
0,51,18446744073709551615,296;298;299;300;

OK	296
OK	298
OK	299
OK	300
0,51,18446744073709551615,296;297;298;299;300;

OK	297
New window!
0,51,18446744073709551615,298;

0,51,18446744073709551615,299;

0,51,18446744073709551615,300;

0,51,18446744073709551615,301;302;303;304;305;

OK	301
OK	302
OK	303
OK	304
OK	305
Got nothing
0,51,18446744073709551615,307;308;309;310;

OK	307
OK	308
OK	309
OK	310
0,51,18446744073709551615,306;307;308;309;310;

OK	306
New window!
0,51,18446744073709551615,307;

0,51,18446744073709551615,308;

0,51,18446744073709551615,309;

0,51,18446744073709551615,310;

0,51,18446744073709551615,311;312;313;314;315;

OK	311
OK	312
OK	313
OK	314
OK	315
Got nothing
0,51,18446744073709551615,316;317;318;320;

OK	316
OK	317
OK	318
OK	320
0,51,18446744073709551615,320;

0,51,18446744073709551615,

0,51,18446744073709551615,319;

OK	319
New window!
0,51,18446744073709551615,319;

0,51,18446744073709551615,321;322;323;324;325;

OK	321
OK	322
OK	323
OK	324
OK	325
Got nothing
0,51,18446744073709551615,327;328;329;330;

OK	327
OK	328
OK	329
OK	330
0,51,18446744073709551615,326;327;328;329;330;

OK	326
New window!
0,51,18446744073709551615,327;

0,51,18446744073709551615,328;

0,51,18446744073709551615,329;

0,51,18446744073709551615,330;

Got nothing
0,51,18446744073709551615,331;332;333;334;

OK	331
OK	332
OK	333
OK	334
0,51,18446744073709551615,331;332;333;334;335;

OK	335
0,51,18446744073709551615,336;337;338;339;340;

OK	336
OK	337
OK	338
OK	339
OK	340
New window!
Got nothing
0,51,18446744073709551615,341;342;343;344;

OK	341
OK	342
OK	343
OK	344
0,51,18446744073709551615,346;347;348;349;350;

OK	346
OK	347
OK	348
OK	349
OK	350
Got nothing
0,51,18446744073709551615,

0,51,18446744073709551615,345;

OK	345
New window!
0,51,18446744073709551615,351;352;353;354;355;

OK	351
OK	352
OK	353
OK	354
OK	355
Got nothing
0,51,18446744073709551615,356;357;358;360;

OK	356
OK	357
OK	358
OK	360
0,51,18446744073709551615,356;357;358;359;360;

OK	359
New window!
0,51,18446744073709551615,366;367;368;369;370;

OK	366
OK	367
OK	368
OK	369
OK	370
0,51,18446744073709551615,

0,51,18446744073709551615,362;

OK	362
0,51,18446744073709551615,364;

OK	364
Got nothing
0,51,18446744073709551615,

0,51,18446744073709551615,361;

OK	361
0,51,18446744073709551615,363;

OK	363
0,51,18446744073709551615,365;

OK	365
New window!
0,51,18446744073709551615,361;

0,51,18446744073709551615,363;

0,51,18446744073709551615,365;

0,51,18446744073709551615,371;372;373;374;375;

OK	371
OK	372
OK	373
OK	374
OK	375
Got nothing
0,51,18446744073709551615,376;377;378;380;

OK	376
OK	377
OK	378
OK	380
0,51,18446744073709551615,376;377;378;379;380;

OK	379
New window!
0,51,18446744073709551615,380;

Got nothing
0,51,18446744073709551615,381;

OK	381
0,51,18446744073709551615,382;

OK	382
0,51,18446744073709551615,383;

OK	383
0,51,18446744073709551615,384;

OK	384
Got nothing
0,51,18446744073709551615,386;387;388;389;

OK	386
OK	387
OK	388
OK	389
0,51,18446744073709551615,385;

OK	385
Got nothing
0,51,18446744073709551615,

0,51,18446744073709551615,390;

OK	390
New window!
Got nothing
0,51,18446744073709551615,391;392;394;

OK	391
OK	392
OK	394
0,51,18446744073709551615,391;392;393;394;395;

OK	393
OK	395
Got nothing
0,51,18446744073709551615,

0,51,18446744073709551615,396;

OK	396
0,51,18446744073709551615,398;

OK	398
0,51,18446744073709551615,399;

OK	399
0,51,18446744073709551615,400;

OK	400
0,51,18446744073709551615,396;

0,51,18446744073709551615,397;

OK	397
New window!
0,51,18446744073709551615,398;

0,51,18446744073709551615,399;

0,51,18446744073709551615,401;402;403;404;405;

OK	401
OK	402
OK	403
OK	404
OK	405
Got nothing
0,51,18446744073709551615,406;407;410;

OK	406
OK	407
OK	410
0,51,18446744073709551615,406;407;408;409;410;

OK	408
OK	409
New window!
0,51,18446744073709551615,410;

0,51,18446744073709551615,411;412;413;414;415;

OK	411
OK	412
OK	413
OK	414
OK	415
Got nothing
0,51,18446744073709551615,416;417;419;420;

OK	416
OK	417
OK	419
OK	420
0,51,18446744073709551615,416;417;418;419;420;

OK	418
New window!
0,51,18446744073709551615,419;

0,51,18446744073709551615,420;

0,51,18446744073709551615,421;422;423;424;425;

OK	421
OK	422
OK	423
OK	424
OK	425
Got nothing
0,51,18446744073709551615,426;428;429;

OK	426
OK	428
OK	429
0,51,18446744073709551615,426;427;428;429;430;

OK	427
OK	430
New window!
0,51,18446744073709551615,431;432;433;434;435;

OK	431
OK	432
OK	433
OK	434
OK	435
0,51,18446744073709551615,436;437;438;439;440;

OK	436
OK	437
OK	438
OK	439
OK	440
New window!
Got nothing
0,51,18446744073709551615,441;443;444;445;

OK	441
OK	443
OK	444
OK	445
0,51,18446744073709551615,441;442;443;444;445;

OK	442
0,51,18446744073709551615,443;

0,51,18446744073709551615,444;

0,51,18446744073709551615,446;447;448;449;450;

OK	446
OK	447
OK	448
OK	449
OK	450
New window!
0,51,18446744073709551615,451;452;453;454;455;

OK	451
OK	452
OK	453
OK	454
OK	455
0,51,18446744073709551615,456;457;458;459;460;

OK	456
OK	457
OK	458
OK	459
OK	460
New window!
0,51,18446744073709551615,461;462;463;464;465;

OK	461
OK	462
OK	463
OK	464
OK	465
0,51,18446744073709551615,466;467;468;469;470;

OK	466
OK	467
OK	468
OK	469
OK	470
New window!
0,51,18446744073709551615,471;472;473;474;475;

OK	471
OK	472
OK	473
OK	474
OK	475
Got nothing
0,51,18446744073709551615,477;479;480;

OK	477
OK	479
OK	480
0,51,18446744073709551615,476;477;478;479;480;

OK	476
OK	478
New window!
0,51,18446744073709551615,479;

0,51,18446744073709551615,480;

0,51,18446744073709551615,481;482;483;484;485;

OK	481
OK	482
OK	483
OK	484
OK	485
Got nothing
0,51,18446744073709551615,487;488;489;490;

OK	487
OK	488
OK	489
OK	490
0,51,18446744073709551615,487;

0,51,18446744073709551615,488;

0,51,18446744073709551615,489;

0,51,18446744073709551615,490;

Got nothing
0,51,18446744073709551615,

0,51,18446744073709551615,486;

OK	486
New window!
0,51,18446744073709551615,486;

Got nothing
0,51,18446744073709551615,491;492;494;495;

OK	491
OK	492
OK	494
OK	495
0,51,18446744073709551615,491;492;493;494;495;

OK	493
0,51,18446744073709551615,494;

0,51,18446744073709551615,495;

0,51,18446744073709551615,496;497;498;499;500;

OK	496
OK	497
OK	498
OK	499
OK	500
New window!
0,51,18446744073709551615,501;502;503;504;505;

OK	501
OK	502
OK	503
OK	504
OK	505
0,51,18446744073709551615,506;507;508;509;

OK	506
OK	507
OK	508
OK	509
Sent all desired packets!
GET REQUEST FULFILLED!
Bye no 1
0,51,18446744073709551615,

Received response, exiting
Exiting, bye bye
